#############################################
#
# FILENAME: sem_ord002.ftf
#
# DESCRIPTION: this file contains defining
#              data for a Lagrange SEM
#              of order    2
#              automatically created by a
#              modified version of sem_tri
#
# REFERENCES: original data from
#             F. X. Giraldo (NRL, Monterey)
#             first modified sem_tri verion
#             by A. Riedmueller (TUM)
#
# VERSION: 1. original version,
#          J. Behrens (10/2005)
#
# CAUTION: Due to some redefinitions in the signature code of amatos,
#          this definition might contain some errors!
#
#############################################
SIGNATURE_DESCRIPTION
Lagrange SEM of order    2
POLY_DEGREE
         2
NODE_DOFS
         1
EDGE_DOFS
         1
ELMT_QUADPOINTS
         6
EDGE_DOFCOORDINATES
         1 0.500000000000000E+00 0.500000000000000E+00
ELMT_QUADWEIGHTS
         1 0.549758718276610E-01
         2 0.549758718276610E-01
         3 0.549758718276610E-01
         4 0.111690794839006E+00
         5 0.111690794839006E+00
         6 0.111690794839006E+00
ELMT_QUADCOORDINATES
         1 0.816847572980458E+00 0.915762135097710E-01 0.915762135097710E-01
         2 0.915762135097710E-01 0.816847572980459E+00 0.915762135097705E-01
         3 0.915762135097710E-01 0.915762135097705E-01 0.816847572980459E+00
         4 0.108103018168070E+00 0.445948490915965E+00 0.445948490915965E+00
         5 0.445948491493861E+00 0.108103024595326E+00 0.445948483910813E+00
         6 0.445948490915965E+00 0.445948490915965E+00 0.108103018168070E+00
ELMT_PSIQUADPOINTS
1  0.517632341987671E+00 -0.748038077481970E-01 -0.748038077481970E-01  0.335448115231490E-01  0.299215230992787E+00  0.299215230992787E+00
2 -0.748038077481970E-01  0.517632341987672E+00 -0.748038077481960E-01  0.299215230992785E+00  0.335448115231480E-01  0.299215230992787E+00
3 -0.748038077481970E-01 -0.748038077481960E-01  0.517632341987672E+00  0.299215230992785E+00  0.299215230992787E+00  0.335448115231480E-01
4 -0.847304930939780E-01 -0.482083778155120E-01 -0.482083778155120E-01  0.795480226200906E+00  0.192833511262048E+00  0.192833511262048E+00
5 -0.482083773625610E-01 -0.847304967420100E-01 -0.482083833061070E-01  0.192833519697835E+00  0.795480214736006E+00  0.192833522976837E+00
6 -0.482083778155120E-01 -0.482083778155120E-01 -0.847304930939780E-01  0.192833511262048E+00  0.192833511262048E+00  0.795480226200906E+00
DPSIDXI_MATRIX
-0.226739029192183E+01 -0.633695145960916E+00 -0.215540268224511E-15  0.366304854039084E+00 -0.366304854039084E+00  0.290108543788275E+01
 0.633695145960917E+00  0.226739029192183E+01  0.135101668152281E-15  0.366304854039082E+00 -0.366304854039082E+00 -0.290108543788275E+01
 0.633695145960917E+00 -0.633695145960917E+00 -0.723297608672356E-16  0.326739029192183E+01 -0.326739029192183E+01 -0.218466737755829E-16
 0.567587927327720E+00  0.783793963663860E+00 -0.377853956658672E-16  0.178379396366386E+01 -0.178379396366386E+01 -0.135138189099158E+01
-0.783793965975442E+00 -0.567587901618696E+00 -0.201121211871075E-15  0.178379393564325E+01 -0.178379393564325E+01  0.135138186759414E+01
-0.783793963663860E+00  0.783793963663860E+00 -0.466139431154479E-16  0.432412072672280E+00 -0.432412072672280E+00  0.253974358904729E-16
DPSIDETA_MATRIX
-0.226739029192183E+01  0.121852835309116E-15 -0.633695145960916E+00  0.366304854039084E+00  0.290108543788275E+01 -0.366304854039084E+00
 0.633695145960917E+00 -0.130683664720310E-16 -0.633695145960917E+00  0.326739029192183E+01  0.333066907387547E-15 -0.326739029192183E+01
 0.633695145960917E+00 -0.315346009349881E-16  0.226739029192183E+01  0.366304854039082E+00 -0.290108543788275E+01 -0.366304854039082E+00
 0.567587927327720E+00 -0.136903437001523E-16  0.783793963663860E+00  0.178379396366386E+01 -0.135138189099158E+01 -0.178379396366386E+01
-0.783793965975442E+00  0.415686895976311E-17  0.783793935643254E+00  0.432412098381304E+00  0.303321880945617E-07 -0.432412098381304E+00
-0.783793963663860E+00 -0.423441561191340E-17 -0.567587927327720E+00  0.178379396366386E+01  0.135138189099158E+01 -0.178379396366386E+01
### END OF FILE #############################
